256
29 6
9 3
23 7
19 6
21 4
21 5
21 5
26 8
31 8
27 6
23 8
19 6
701 3
1 4
13 1
9 4
15 5
21 4
1 1
2 8
9 1
19 1
29 5
26 4
19 6
23 8
27 2
13 2
18 6
11 4
23 3
23 5
17 8
3 7
23 4
23 5
7 8
23 8
3 9
29 6
1 7
326 2
9 2
3 6
21 2
31 2
26 8
22 4
12 8
14 2
21 2
23 6
13 6
29 3
31 3
2 6
649 4
23 9
19 5
6 2
23 9
902 8
13 5
17 9
29 8
17 3
23 6
31 9
9 1
18 8
17 6
29 3
21 8
19 7
1 5
21 7
24 8
663 4
31 3
19 5
21 4
126 6
7 1
21 9
29 3
6 4
13 6
6 2
969 4
17 6
14 8
7 2
11 9
31 5
7 6
13 1
11 9
1 8
23 7
28 8
619 5
869 7
211 2
721 9
37 8
69 5
27 8
17 6
379 6
187 1
949 4
486 2
55 5
606 8
974 6
399 2
447 6
49 6
471 4
536 8
421 2
337 9
644 4
669 9
558 6
626 4
741 6
49 4
793 3
487 9
669 8
589 4
303 3
616 8
801 5
237 6
904 8
911 2
527 2
773 6
623 1
793 8
842 8
858 8
307 6
243 5
204 8
607 4
454 6
543 8
351 5
1003 2
169 5
813 4
563 9
289 3
753 8
149 7
857 2
221 3
511 4
131 4
706 8
82 2
858 8
1006 4
327 9
827 3
907 8
174 2
571 3
349 8
201 3
797 3
708 4
597 4
763 1
148 4
759 4
666 4
843 7
438 8
254 6
49 9
717 4
749 2
71 9
1019 2
661 9
459 8
949 9
791 5
77 8
457 6
29 1
713 1
253 4
167 7
718 4
169 9
9534 2
379557 2
412439 8
479089 3
685285 5
803 6
899359 5
942346 8
332523 2
871 8
77231 3
921147 4
744062 2
61263 4
17278 2
591 5
318572 4
159757 9
865467 4
443298 2
586394 8
704093 3
470249 1
233 1
703087 1
398 6
413691 4
491 6
418071 3
771017 9
389 5
893 7
702033 5
715686 4
588822 6
383502 4
447126 2
805834 4
3 9
876027 2
516049 6
349 8
88421 3
32067 6
56199 1
976107 3
182 8
59 9
247 7
901 1
87 7
2311 5
10165 5
112217 4
952119 8
602061 7
