64
-153 157 -402 -372
-135 -303 -90 -58
177 311 -365 49
-234 176 -303 467
98 274 -226 -85
401 -181 -434 -295
215 -205 -275 191
-174 -141 -53 -314
511 185 -496 57
487 -135 394 -74
497 153 -336 -482
301 -249 -183 -127
321 -113 -486 103
296 210 219 -408
-370 -1 -507 456
-502 -32 370 -47
-199 -502 -358 386
-446 -224 -125 -476
436 -460 441 51
362 225 -197 -253
-66 171 -399 -171
276 -282 -130 332
340 418 229 -125
-39 351 -126 87
65 274 361 28
287 131 -461 -276
-273 211 183 492
-184 -422 -75 499
-142 262 261 38
7 -378 492 -381
-216 -165 -472 209
455 258 -326 -86
-241 8 20 -477
52 -466 -373 71
310 291 258 323
221 -386 381 -329
262 -433 389 131
67 -243 -299 369
167 363 105 -259
327 110 109 291
201 -426 -394 -382
-443 -259 -379 -254
689605408 912568025 1029096541 932590753
331797866 150851265 1067152964 315440630
403316063 988174859 96494083 641610751
666742254 421013797 401858595 829142690
16605752 312437916 185910242 434031918
208197434 777686667 471589149 447126505
179769834 582896645 915481906 732530541
733856578 34699396 694598958 656618405
955940597 638739315 103015985 447943897
675421998 628538399 811083446 354334437
419104192 949801437 1011169015 94134888
716334725 881791016 925350101 838727246
243456626 1051735370 744905034 988174859
457398673 1065175558 436143151 108639199
186751452 797415689 263176532 79532475
839067782 858376286 332171210 1072339714
146290139 946885098 157397770 357627635
881482990 419827796 654007803 620232860
226117892 823423791 1034736781 1068710302
587547002 1065687038 896398839 757042045
254929807 107734474 994009933 537836884
2147483647 -2147483647 -2147483647 2147483647
